6
6.6
6.6
6
6.6
6.6
5.4
5.4
5.4
5.4
5.4
6
4.8
6
5.4
5.4
5.4
5.4
5.4
5.4
6
6.6
6
6.6
6.6
6
6.6
6.6
6
6
4.8
5.4
5.4
5.4
5.4
4.8
6
6
6
6.6
6
7.2
6.6
5.4
6.6
6.6
6.6
6.6
6
6.6
6.6
6
6.6
6
17.4
15.6
15
13.2
21
26.4
21.6
15
17.4
10.2
9.6
9
7.2
6.6
6.6
6.6
6
6.6
6
7.2
6.6
6.6
6
6.6
6.6
13.2
15.6
19.2
17.4
18
22.2
15
15.6
10.8
9
8.4
6
6
6.6
6.6
6.6
6
6.6
6
6.6
6
6.6
6
7.2
24
19.8
18
22.8
25.8
20.4
17.4
17.4
8.4
7.8
7.2
5.4
5.4
6.6
6
6.6
6
6.6
6.6
6.6
6.6
6.6
6.6
13.2
18.6
21.6
23.4
15
19.2
24
13.2
14.4
9.6
7.8
6.6
6
4.8
6.6
6
6
6
6
6.6
6
6.6
6.6
6
6.6
13.8
10.8
22.8
24
21
25.2
10.2
10.8
8.4
7.8
6.6
5.4
5.4
6.6
6.6
6
6
6.6
6.6
6.6
6.6
6
6.6
5.4
6
5.4
5.4
5.4
6
6
7.2
7.8
7.2
7.8
6.6
6.6
6
7.2
6.6
6.6
6.6
6
6.6
6.6
6.6
6.6
6
5.4
6
5.4
5.4
5.4
6
5.4
6
5.4
6.6
6
6
5.4
6
6.6
7.2
6
6.6
6.6
6.6
6.6
6.6
6.6
6.6
7.2
13.2
20.4
19.2
22.2
23.4
22.8
15
15
12
7.8
6.6
5.4
5.4
6.6
6
6.6
6.6
6.6
6.6
6.6
6.6
7.2
6.6
6.6
13.8
21.6
10.8
10.2
3
15.6
9.6
14.4
12.6
4.8
7.8
5.4
6
6
6.6
6
6.6
6.6
6.6
6.6
6.6
6.6
6.6
6
4.8
4.8
4.8
1.8
8.4
12
4.2
6
3
2.4
2.4
4.2
6
6
6.6
6
6
6.6
6.6
6
6.6
6
6.6
9.6
4.8
0.6
1.2
2.4
0.6
1.2
0
0.6
0
0
1.8
4.2
6
6.6
6
6
6.6
6.6
6
6.6
6.6
6.6
6
6
13.2
12
10.2
5.4
6.6
6
1.2
0.6
0.6
1.8
1.2
4.2
6
6.6
6
6.6
6
6
6.6
6.6
6.6
6
6.6
5.4
3.6
0.6
0
0
0
0
0
0
0
0
1.8
4.8
6
6.6
6.6
6
6.6
6
6.6
6
6.6
6
6
5.4
0.6
0
0
0
0
0
0
0
0
0
2.4
4.8
6
6.6
6.6
6
6.6
6
6.6
6.6
6
6.6
6
7.8
13.8
20.4
4.8
25.2
10.8
9
1.2
0.6
1.8
0
2.4
4.8
6
6.6
6
6.6
6
6.6
6.6
6.6
6
6.6
6.6
7.2
23.4
13.2
12.6
13.8
13.8
11.4
5.4
1.8
1.2
0.6
3.6
4.8
6
6.6
6
6
6.6
6
6.6
6.6
6.6
6.6
6
8.4
15
3.6
12
13.2
6
0
0
1.8
2.4
3
2.4
4.2
6
6.6
6.6
6
6
6.6
6
6.6
6.6
6.6
6.6
10.8
19.8
9.6
6.6
3
1.8
6
3.6
5.4
1.8
2.4
3.6
5.4
7.2
6.6
6
6
6
6.6
6.6
6.6
6
6
6.6
7.8
13.2
19.2
27
12
12.6
10.8
4.8
0.6
0.6
3
3.6
5.4
6
6.6
6
5.4
6.6
6
6.6
6
6.6
6
6.6
6
4.2
0.6
0
0
0
0
0
0
0
0.6
3
4.8
6.6
6.6
6.6
6.6
6
6
6.6
6
6.6
6
6.6
5.4
1.2
0
0
0
0
0
0
0
0
1.2
3
5.4
6.6
6.6
6
6.6
6
6.6
6
6
6.6
6
6
7.8
7.2
3
2.4
0
0.6
0
0
3.6
1.2
1.2
3.6
4.8
6.6
6
6
6.6
6
6
6.6
6.6
6
6
6.6
6.6
8.4
1.2
2.4
4.2
0.6
2.4
0.6
0
0.6
3
3.6
4.8
6.6
6.6
6
6
6
6.6
6
6.6
6.6
7.2
7.2
7.2
18
17.4
21
27
21.6
27.6
12.6
3
1.2
4.2
6
4.8
6.6
6
6
6
6
6.6
6
6.6
6
6
6.6
16.8
13.2
15
7.8
10.8
8.4
10.8
8.4
13.8
10.2
12
8.4
9
7.8
6.6
6
6
6.6
6
6.6
6
6.6
6
6.6
7.8
12.6
5.4
4.2
3.6
3.6
12
1.8
3.6
3
0.6
5.4
5.4
6.6
6.6
6.6
6
6.6
6
6.6
6.6
6.6
6
6.6
6
2.4
0
0
0
0
0
0
0
1.8
3.6
5.4
6
6.6
7.2
6.6
6.6
6.6
6.6
6.6
6.6
6.6
6.6
6.6
6.6
3
1.8
0
0
0
0
0
0
0
2.4
4.2
6
6.6
7.2
6.6
7.2
6.6